6 10 6 2 1 4 0 6 3 
1 8 7 5 
6 10 6 2 1 4 0 6 3 
6 10 6 2 1 4 0 6 3 
1 8 7 5 
6 10 6 2 1 4 0 6 3 
6 10 6 2 1 4 0 6 3 
1 8 7 5 
6 10 6 2 1 4 0 6 3 
6 10 6 2 1 4 0 6 3 
1 8 7 5 
6 10 6 2 1 4 0 6 3 
6 10 6 2 1 4 0 6 3 
1 8 7 5 
6 10 6 2 1 4 0 6 3 
6 10 6 2 1 4 0 6 3 
1 8 7 5 
6 10 6 2 1 4 0 6 3 
6 10 6 2 1 4 0 6 3 
1 8 7 5 
6 10 6 2 1 4 0 6 3 
6 10 6 2 1 4 0 6 3 
1 8 7 5 
6 10 6 2 1 4 0 6 3 
6 10 6 2 1 4 0 6 3 
1 8 7 5 
6 10 6 2 1 4 0 6 3 
6 10 6 2 1 4 0 6 3 
1 8 7 5 
6 10 6 2 1 4 0 6 3 
6 10 6 2 1 4 0 6 3 
1 8 7 5 
6 10 6 2 1 4 0 6 3 
6 10 6 2 1 4 0 6 3 
1 8 7 5 
6 10 6 2 1 4 0 6 3 
6 10 6 2 1 4 0 6 3 
1 8 7 5 
6 10 6 2 1 4 0 6 3 
6 10 6 2 1 4 0 6 3 
1 8 7 5 
6 10 6 2 1 4 0 6 3 
6 10 6 2 1 4 0 6 3 
1 8 7 5 
6 10 6 2 1 4 0 6 3 
6 10 6 2 1 4 0 6 3 
1 8 7 5 
6 10 6 2 1 4 0 6 3 
6 10 6 2 1 4 0 6 3 
1 8 7 5 
6 10 6 2 1 4 0 6 3 
6 10 6 2 1 4 0 6 3 
1 8 7 5 
6 10 6 2 1 4 0 6 3 
6 10 6 2 1 4 0 6 3 
1 8 7 5 
6 10 6 2 1 4 0 6 3 
6 10 6 2 1 4 0 6 3 
1 8 7 5 
6 10 6 2 1 4 0 6 3 
6 10 6 2 1 4 0 6 3 
1 8 7 5 
6 10 6 2 1 4 0 6 3 
6 10 6 2 1 4 0 6 3 
1 8 7 5 
6 10 6 2 1 4 0 6 3 
6 10 6 2 1 4 0 6 3 
1 8 7 5 
6 10 6 2 1 4 0 6 3 
6 10 6 2 1 4 0 6 3 
1 8 7 5 
6 10 6 2 1 4 0 6 3 
6 10 6 2 1 4 0 6 3 
1 8 7 5 
6 10 6 2 1 4 0 6 3 
6 10 6 2 1 4 0 6 3 
1 8 7 5 
6 10 6 2 1 4 0 6 3 
6 10 6 2 1 4 0 6 3 
1 8 7 5 
6 10 6 2 1 4 0 6 3 
6 10 6 2 1 4 0 6 3 
1 8 7 5 
6 10 6 2 1 4 0 6 3 
6 10 6 2 1 4 0 6 3 
1 8 7 5 
6 10 6 2 1 4 0 6 3 
6 10 6 2 1 4 0 6 3 
1 8 7 5 
6 10 6 2 1 4 0 6 3 
6 10 6 2 1 4 0 6 3 
1 8 7 5 
6 10 6 2 1 4 0 6 3 
6 10 6 2 1 4 0 6 3 
1 8 7 5 
6 10 6 2 1 4 0 6 3 
6 10 6 2 1 4 0 6 3 
1 8 7 5 
6 10 6 2 1 4 0 6 3 
6 10 6 2 1 4 0 6 3 
1 8 7 5 
6 10 6 2 1 4 0 6 3 
1 8 7 5 
6 10 6 2 1 4 0 6 3 
1 8 7 5 
6 10 6 2 1 4 0 6 3 
1 8 7 5 
