1 7 8 5 
8 5 0 0 
1 7 8 5 
8 5 0 0 
1 7 8 5 
8 5 0 0 
1 7 8 5 
8 5 0 0 
1 7 8 5 
8 5 0 0 
1 7 8 5 
8 5 0 0 
1 7 8 5 
8 5 0 0 
1 7 8 5 
8 5 0 0 
1 7 8 5 
8 5 0 0 
1 7 8 5 
8 5 0 0 
1 7 8 5 
8 5 0 0 
1 7 8 5 
8 5 0 0 
1 7 8 5 
8 5 0 0 
1 7 8 5 
8 5 0 0 
1 7 8 5 
8 5 0 0 
1 7 8 5 
8 5 0 0 
1 7 8 5 
8 5 0 0 
1 7 8 5 
8 5 0 0 
1 7 8 5 
8 5 0 0 
1 7 8 5 
8 5 0 0 
1 7 8 5 
8 5 0 0 
1 7 8 5 
8 5 0 0 
1 7 8 5 
8 5 0 0 
1 7 8 5 
8 5 0 0 
1 7 8 5 
8 5 0 0 
1 7 8 5 
8 5 0 0 
1 7 8 5 
8 5 0 0 
1 7 8 5 
8 5 0 0 
1 7 8 5 
8 5 0 0 
1 7 8 5 
8 5 0 0 
1 7 8 5 
8 5 0 0 
1 7 8 5 
8 5 0 0 
1 7 8 5 
8 5 0 0 
1 7 8 5 
8 5 0 0 
1 7 8 5 
8 5 0 0 
1 7 8 5 
8 5 0 0 
1 7 8 5 
8 5 0 0 
1 7 8 5 
8 5 0 0 
1 7 8 5 
8 5 0 0 
1 7 8 5 
8 5 0 0 
1 7 8 5 
8 5 0 0 
1 7 8 5 
8 5 0 0 
1 7 8 5 
8 5 0 0 
1 7 8 5 
8 5 0 0 
1 7 8 5 
8 5 0 0 
1 7 8 5 
8 5 0 0 
1 7 8 5 
8 5 0 0 
1 7 8 5 
8 5 0 0 
1 7 8 5 
8 5 0 0 
1 7 8 5 
8 5 0 0 
1 7 8 5 
8 5 0 0 
1 7 8 5 
8 5 0 0 
1 7 8 5 
8 5 0 0 
1 7 8 5 
8 5 0 0 
1 7 8 5 
8 5 0 0 
1 7 8 5 
8 5 0 0 
1 7 8 5 
8 5 0 0 
1 7 8 5 
8 5 0 0 
1 7 8 5 
8 5 0 0 
1 7 8 5 
8 5 0 0 
